1.0 0.00071485
1.1 0.00086014
1.2 0.0010168
1.4 0.0013625
1.6 0.0017486
1.8 0.0021718
2.0 0.0026294
2.2 0.0031189
2.5 0.003908
2.8 0.0047568
3.2 0.0059712
3.5 0.0069373
4.0 0.0086394
4.5 0.010441
5.0 0.012328
5.5 0.014287
6.3 0.017546
7.1 0.020927
8.0 0.024842
9.0 0.029291
10.0 0.033812
11.0 0.038377
12.0 0.042964
14.0 0.052139
16.0 0.061232
18.0 0.070177
20.0 0.078926
22.0 0.08745
25.0 0.099772
28.0 0.11151
32.0 0.12622
35.0 0.13656
40.0 0.15251
45.0 0.16693
50.0 0.17993
55.0 0.19161
63.0 0.20784
71.0 0.2214
80.0 0.23392
90.0 0.24498
100.0 0.25352
110.0 0.26001
120.0 0.2648
140.0 0.27042
160.0 0.27219
180.0 0.27134
200.0 0.2687
220.0 0.26486
250.0 0.25769
280.0 0.24955
320.0 0.23808
350.0 0.22938
400.0 0.21516
450.0 0.20159
500.0 0.18883
550.0 0.17691
630.0 0.15956
710.0 0.14419
800.0 0.12901
900.0 0.11442
1000.0 0.10187
1100.0 0.091052
1200.0 0.081687
1400.0 0.066458
1600.0 0.054788
1800.0 0.04571
2000.0 0.038547
2200.0 0.03282
2500.0 0.0262
2800.0 0.021268
3200.0 0.016467
3500.0 0.013787
4000.0 0.010495
4500.0 0.0081863
5000.0 0.0065173
5500.0 0.0052794
6300.0 0.0038842
7100.0 0.0029466
8000.0 0.0022247
9000.0 0.001678
10000.0 0.001299
11000.0 0.0010277
12000.0 0.00082805
14000.0 0.00056221
16000.0 0.0004003
18000.0 0.00029581
20000.0 0.00022521
30000.0 7.7652e-05
40000.0 3.6054e-05
50000.0 1.9784e-05
60000.0 1.2084e-05
70000.0 7.9527e-06
80000.0 5.5297e-06
90000.0 4.0106e-06
100000.0 3.0076e-06
