1.0 0.00093416
1.1 0.0011348
1.2 0.0013542
1.4 0.0018477
1.6 0.0024125
1.8 0.0030462
2.0 0.0037467
2.2 0.0045119
2.5 0.0057764
2.8 0.0071751
3.2 0.0092386
3.5 0.010928
4.0 0.013996
4.5 0.017363
5.0 0.021008
5.5 0.024912
6.3 0.031657
7.1 0.038963
8.0 0.047784
9.0 0.058258
10.0 0.069361
11.0 0.081026
12.0 0.09319
14.0 0.11881
16.0 0.14586
18.0 0.17404
20.0 0.20312
22.0 0.2329
25.0 0.27853
28.0 0.32492
32.0 0.38735
35.0 0.43424
40.0 0.51193
45.0 0.58841
50.0 0.66316
55.0 0.7358
63.0 0.84706
71.0 0.95168
80.0 1.0611
90.0 1.1725
100.0 1.2732
110.0 1.3639
120.0 1.4451
140.0 1.5816
160.0 1.6878
180.0 1.7686
200.0 1.8283
220.0 1.8705
250.0 1.9077
280.0 1.9211
320.0 1.9125
350.0 1.8922
400.0 1.8414
450.0 1.7779
500.0 1.7081
550.0 1.636
630.0 1.5213
710.0 1.4118
800.0 1.2973
900.0 1.1819
1000.0 1.0784
1100.0 0.9859
1200.0 0.90325
1400.0 0.76309
1600.0 0.65013
1800.0 0.55828
2000.0 0.48292
2200.0 0.42056
2500.0 0.34574
2800.0 0.28779
3200.0 0.2292
3500.0 0.19542
4000.0 0.15262
4500.0 0.12162
5000.0 0.098593
5500.0 0.081117
6300.0 0.060936
7100.0 0.047025
8000.0 0.036077
9000.0 0.027615
10000.0 0.021645
11000.0 0.017306
12000.0 0.014073
14000.0 0.0097007
16000.0 0.0069912
18000.0 0.005218
20000.0 0.004006
30000.0 0.0014208
40000.0 0.00067095
50000.0 0.00037253
60000.0 0.00022957
70000.0 0.00015216
80000.0 0.00010642
90000.0 7.7569e-05
100000.0 5.8423e-05