0.02493 224.0
0.03878 199.0
0.06018 109.0
0.09323 55.3
0.1443 12.03
0.2231 41.0
0.3448 35.2
0.5328 32.2
0.8232 32.3
1.7515 10.68
2.4945 3.52
3.7415 2.208
5.2445 1.354
7.4675 0.4174
11.789 0.09636
20.669 0.01142
38.169 0.003443
0.225 4.662
0.275 7.073
0.336 12.57
0.412 17.74
0.5 21.38
0.615 26.14
0.755 26.5
0.925 24.65
1.13 23.25
1.38 18.73
1.7 14.65
2.08 10.37
2.54 7.552
3.11 3.95
3.81 2.835
4.66 1.616
5.73 0.976
7.0 0.503
8.56 0.287
10.6 0.146
12.7 0.073
15.9 0.0366
19.5 0.0163
23.9 0.0103
29.3 0.00501
35.9 0.00237
0.57 14.7
0.73 24.3
0.91 20.8
1.11 18.3
1.33 16.4
1.58 13.7
1.85 11.1
2.15 8.94
2.47 7.1
2.82 5.49
3.17 4.61
3.54 3.62
3.92 2.87
4.32 2.27
4.76 1.8
5.24 1.42
5.74 1.11
6.26 0.88
6.81 0.695
7.39 0.551
7.99 0.436
8.62 0.35
9.28 0.278
9.96 0.224
10.7 0.179
11.4 0.147
12.2 0.119
13.0 0.0973
13.8 0.0797
14.7 0.0656
15.6 0.0539
16.5 0.0448
17.5 0.0371
18.5 0.031
19.5 0.0259
20.6 0.0217
21.7 0.0182
22.8 0.0156
24.0 0.0131
25.2 0.0111
26.6 0.00942
28.0 0.00794
29.4 0.00674
31.0 0.00562
32.7 0.00473
34.4 0.00392
36.3 0.00337
38.3 0.00283
40.5 0.00234
42.8 0.00201
45.3 0.00163
47.9 0.00138
50.8 0.00114
53.9 0.000935
57.3 0.000761
61.0 0.000632
65.1 0.000505
69.6 0.000392
74.6 0.000326
80.3 0.000254
86.7 0.000203
94.0 0.000156
103.0 0.000123
113.0 9.02e-05
125.0 6.59e-05
140.0 4.32e-05
159.0 3.02e-05
183.0 1.93e-05
216.0 1.11e-05
262.0 6.64e-06
327.0 3.15e-06
429.0 1.21e-06
589.0 4.53e-07
10.499 0.18679
11.499 0.1442
12.499 0.11042
13.499 0.085115
14.699 0.065603
15.899 0.050168
17.299 0.038511
18.699 0.029688
20.299 0.022706
21.899 0.017583
23.699 0.013678
25.699 0.010512
27.699 0.0081572
29.899 0.0063507
32.299 0.0049286
34.799 0.0038126
37.499 0.0030369
40.399 0.0023555
43.499 0.0019004
46.799 0.0014842
50.299 0.0011733
54.099 0.00092514
58.199 0.00072943
62.499 0.00058302
67.199 0.00044917
72.199 0.00035579
77.599 0.00028571
86.499 0.0002047
99.999 0.000131
116.0 8.2496e-05
135.0 4.913e-05
160.0 2.9462e-05
192.0 1.6522e-05
234.0 9.0198e-06
341.0 2.8175e-06
0.57009 20.579
0.73007 19.519
0.91005 17.403
1.11 15.678
1.3346 13.678
1.5847 11.668
1.8547 9.5279
2.1494 7.8257
2.4742 6.3432
2.8196 5.0971
3.1749 4.1236
3.5402 3.3133
3.9202 2.6758
4.3249 2.1418
4.7645 1.7056
5.2393 1.3449
5.7393 1.0637
6.2642 0.84049
6.8142 0.66484
7.3891 0.52882
7.9892 0.4206
8.6189 0.33459
9.279 0.26853
9.9639 0.21609
10.674 0.17441
11.414 0.14189
12.189 0.11551
12.993 0.094132
13.824 0.077281
14.688 0.063285
15.588 0.052381
16.518 0.043388
17.483 0.036044
18.478 0.029923
19.508 0.025372
20.578 0.021211
21.683 0.017927
22.827 0.015148
24.013 0.012848
25.252 0.010915
26.566 0.0092394
27.956 0.0078612
29.435 0.0066023
31.005 0.0055903
32.664 0.0047272
34.433 0.003992
36.322 0.003363
38.336 0.0028167
40.485 0.0024046
42.788 0.0019826
45.267 0.001646
47.93 0.001402
0.57 17.31
0.73 17.1
0.91 16.58
1.11 15.62
1.33 13.91
1.58 12.0
1.85 10.27
2.15 8.403
2.47 6.897
2.82 5.504
3.17 4.405
3.54 3.555
3.92 2.859
4.32 2.279
4.76 1.8
5.24 1.409
5.74 1.104
6.26 0.8715
6.81 0.6885
7.39 0.5439
7.99 0.4309
8.62 0.3415
9.28 0.2747
9.96 0.2204
10.67 0.1779
11.41 0.1438
12.19 0.117
12.99 0.09557
13.82 0.07849
14.69 0.06439
15.59 0.05316
16.52 0.04382
17.48 0.03659
18.48 0.03057
19.51 0.02573
20.58 0.02146
21.68 0.01804
22.83 0.01524
24.01 0.01291
25.25 0.01099
26.56 0.009236
27.95 0.007841
29.43 0.006622
31.0 0.00553
32.66 0.004685
34.43 0.003947
36.32 0.003311
38.33 0.002806
40.48 0.002343
42.78 0.001951
45.26 0.001635
47.92 0.001367
50.8 0.001119
53.92 0.0009297
57.32 0.0007663
61.03 0.0006191
65.11 0.0005072
69.62 0.0004075
74.65 0.0003296
80.29 0.0002613
86.69 0.0002048
94.02 0.0001579
102.6 0.0001214
112.7 8.891e-05
125.0 6.46e-05
140.1 4.531e-05
158.9 3.01e-05
183.1 1.853e-05
216.2 1.075e-05
261.8 5.978e-06
326.8 3.129e-06
428.5 1.278e-06
588.8 4.56e-07
832.3 1.771e-07
1177.7 4.123e-08
0.56949 17.31
0.72949 17.1
0.90949 16.58
1.1095 15.62
1.3295 13.91
1.5795 12.0
1.8495 10.27
2.1495 8.403
2.4695 6.897
2.8195 5.504
3.1695 4.405
3.5395 3.555
3.9195 2.859
4.3195 2.279
4.7595 1.8
5.2395 1.409
5.7395 1.104
6.2595 0.8715
6.8095 0.6885
7.3895 0.5439
7.9895 0.4309
8.6195 0.3415
9.2795 0.2747
9.9595 0.2204
10.669 0.1779
11.409 0.1438
12.189 0.117
12.989 0.09557
13.819 0.07849
14.689 0.06439
15.589 0.05316
16.519 0.04382
17.479 0.03659
18.479 0.03057
19.509 0.02573
20.579 0.02146
21.679 0.01804
22.829 0.01524
24.009 0.01291
25.249 0.01099
26.559 0.009236
27.949 0.007841
29.429 0.006622
30.999 0.00553
32.659 0.004685
34.429 0.003947
36.319 0.003311
38.329 0.002806
40.479 0.002343
42.779 0.001951
45.259 0.001635
47.919 0.001367
50.799 0.001119
53.919 0.0009297
57.319 0.0007663
61.029 0.0006191
65.109 0.0005072
69.619 0.0004075
74.649 0.0003296
80.289 0.0002613
86.689 0.0002048
94.019 0.0001579
102.6 0.0001214
112.7 8.891e-05
125.0 6.46e-05
140.1 4.531e-05
158.9 3.01e-05
183.1 1.853e-05
216.2 1.075e-05
261.8 5.978e-06
326.8 3.129e-06
428.5 1.278e-06
588.8 4.56e-07
832.3 1.771e-07
1177.7 4.123e-08
0.122 410.0
0.28 56.0
0.63 41.0
1.23 28.0
2.7 7.2
6.0 1.6
0.0143 543.0
0.0239 223.0
0.0424 46.1
0.1554 32.6
5.1 1.02
8.0 0.25
11.2 0.085
18.8 0.017
63.0 0.0011
0.032 114.9
0.053 47.73
0.092 29.54
0.156 23.99
0.255 25.16
0.403 21.79
0.642 20.54
4.68 3.5
5.01 2.17
5.39 1.77
5.83 1.33
6.35 1.0
6.99 0.76
7.78 0.62
8.77 0.36
10.08 0.25
11.85 0.17
14.42 0.082
18.45 0.035
25.69 0.011
42.47 0.0026
119.4 0.00014
0.54 13.0
0.68 16.0
0.83 15.0
0.97 14.0
1.12 13.0
1.26 9.3
1.41 10.0
1.66 8.4
2.02 7.4
2.39 6.3
2.75 4.9
3.11 3.3
3.48 2.1
4.01 2.0
4.74 1.2
5.47 0.84
6.51 0.45
8.58 0.18
12.1 0.063
17.1 0.019
23.6 0.0091
34.3 0.0017
22.44 0.0154
28.26 0.00728
35.56 0.00341
44.75 0.00161
56.32 0.000789
70.92 0.000366
89.21 0.000167
112.2 9.7e-05
141.5 4.81e-05
178.3 2.14e-05
5.45 1.13
7.16 0.548
11.09 0.141
18.94 0.0278
34.53 0.00364
1.2 3.19
1.71 6.12
2.4 4.71
3.42 2.92
4.44 1.81
5.45 1.095
7.16 0.514
11.09 0.138
18.94 0.0259
34.53 0.0032
1.2 3.19
1.71 6.12
2.4 4.71
3.42 2.92
4.44 1.81
5.45 1.026
7.16 0.449
11.09 0.113
18.94 0.0223
34.53 0.0024
1.6 6.69
2.27 4.86
2.92 3.34
3.57 2.26
4.51 1.44
5.82 0.77
9.36 0.25
16.11 0.026
7.51 0.404
8.88 0.207
10.24 0.169
11.61 0.106
12.98 0.077
14.95 0.054
17.71 0.04
20.46 0.02
24.34 0.011
30.42 0.0071
37.34 0.0045
46.92 0.002
1.11 31.2
1.28 26.7
1.47 23.0
1.68 18.8
1.93 15.03
2.22 11.94
2.55 8.97
2.92 6.67
3.36 4.76
3.85 3.4
4.42 2.3
5.1 1.56
5.8 1.06
6.7 0.72
7.7 0.47
8.8 0.31
10.1 0.191
11.6 0.126
13.4 0.079
15.3 0.052
17.6 0.0326
20.2 0.0208
23.2 0.0126
26.6 0.0089
30.6 0.0052
35.1 0.0037
40.3 0.0022
46.3 0.0014
53.2 0.00104
61.0 0.00055
70.1 0.00041
80.5 0.00021
92.4 0.00015
108.5 0.0001
130.4 7e-05
163.8 2.7e-05
220.7 9.6e-06
317.9 2.8e-06